#puissance min case : 6 puissance max case : 9 puissance min page : 6 puissance max page : 9 puissance acces : 16 moyenne : 100


#algo1
64 64 0.016124
64 128 0.016124
64 256 0.016124
64 512 0.016124
128 64 0.016124
128 128 0.504248
128 256 0.751069
128 512 0.875071
256 64 0.016124
256 128 0.751069
256 256 0.000992
256 512 0.502475
512 64 0.016124
512 128 0.875071
512 256 0.502475
512 512 0.001968


#algo2
64 64 0.016211
64 128 0.016211
64 256 0.016211
64 512 0.016211
128 64 0.016211
128 128 0.504448
128 256 0.751156
128 512 0.875111
256 64 0.016211
256 128 0.751156
256 256 0.000992
256 512 0.502515
512 64 0.016211
512 128 0.875111
512 256 0.502515
512 512 0.001968


#algo3
64 64 0.016436
64 128 0.016436
64 256 0.016436
64 512 0.016436
128 64 0.016436
128 128 0.504216
128 256 0.751148
128 512 0.875053
256 64 0.016436
256 128 0.751148
256 256 0.000992
256 512 0.502525
512 64 0.016436
512 128 0.875053
512 256 0.502525
512 512 0.001968


#algo4
64 64 0.004196
64 128 0.004196
64 256 0.004196
64 512 0.004196
128 64 0.004196
128 128 0.208073
128 256 0.406078
128 512 0.565009
256 64 0.004196
256 128 0.406078
256 256 0.000992
256 512 0.201665
512 64 0.004196
512 128 0.565009
512 256 0.201665
512 512 0.001968
