#puissance min case : 0 puissance max case : 5 puissance min page : 0 puissance max page : 5 puissance acces : 16 moyenne : 100


#algo1
1 1 0.499926
1 2 0.499926
1 4 0.499926
1 8 0.499926
1 16 0.499926
1 32 0.499926
2 1 0.499926
2 2 0.667128
2 4 0.800112
2 8 0.888666
2 16 0.941217
2 32 0.969568
4 1 0.499926
4 2 0.800112
4 4 0.941217
4 8 0.000031
4 16 0.599952
4 32 0.882414
8 1 0.499926
8 2 0.888666
8 4 0.000031
8 8 0.777685
8 16 0.000031
8 32 0.555771
16 1 0.499926
16 2 0.941217
16 4 0.599952
16 8 0.000031
16 16 0.764778
16 32 0.000076
32 1 0.499926
32 2 0.969568
32 4 0.882414
32 8 0.555771
32 16 0.000076
32 32 0.000046


#algo2
1 1 0.499926
1 2 0.499926
1 4 0.499926
1 8 0.499926
1 16 0.499926
1 32 0.499926
2 1 0.499926
2 2 0.667128
2 4 0.800112
2 8 0.888666
2 16 0.941217
2 32 0.969568
4 1 0.499926
4 2 0.800112
4 4 0.941217
4 8 0.000031
4 16 0.599938
4 32 0.882429
8 1 0.499926
8 2 0.888666
8 4 0.000031
8 8 0.777737
8 16 0.000031
8 32 0.555812
16 1 0.499926
16 2 0.941217
16 4 0.599938
16 8 0.000031
16 16 0.764720
16 32 0.000076
32 1 0.499926
32 2 0.969568
32 4 0.882429
32 8 0.555812
32 16 0.000076
32 32 0.000046


#algo3
1 1 0.499926
1 2 0.499926
1 4 0.499926
1 8 0.499926
1 16 0.499926
1 32 0.499926
2 1 0.499926
2 2 0.667128
2 4 0.800112
2 8 0.888666
2 16 0.941217
2 32 0.969568
4 1 0.499926
4 2 0.800112
4 4 0.941217
4 8 0.000031
4 16 0.599887
4 32 0.882424
8 1 0.499926
8 2 0.888666
8 4 0.000031
8 8 0.777751
8 16 0.000031
8 32 0.555850
16 1 0.499926
16 2 0.941217
16 4 0.599887
16 8 0.000031
16 16 0.764722
16 32 0.000076
32 1 0.499926
32 2 0.969568
32 4 0.882424
32 8 0.555850
32 16 0.000076
32 32 0.000046


#algo4
1 1 0.499926
1 2 0.499926
1 4 0.499926
1 8 0.499926
1 16 0.499926
1 32 0.499926
2 1 0.499926
2 2 0.667128
2 4 0.800112
2 8 0.888666
2 16 0.941217
2 32 0.969568
4 1 0.499926
4 2 0.800112
4 4 0.941217
4 8 0.000031
4 16 0.439475
4 32 0.741175
8 1 0.499926
8 2 0.888666
8 4 0.000031
8 8 0.614914
8 16 0.000031
8 32 0.328468
16 1 0.499926
16 2 0.941217
16 4 0.439475
16 8 0.000031
16 16 0.520659
16 32 0.000076
32 1 0.499926
32 2 0.969568
32 4 0.741175
32 8 0.328468
32 16 0.000076
32 32 0.000046
